500 amarelo 0.13 7.61
314 amarelo 0.36 1.88
96 amarelo 0.37 9.24
11 amarelo 0.37 5.18
779 amarelo 0.40 1.17
207 amarelo 1.37 1.49
627 amarelo 1.43 3.43
576 amarelo 1.88 5.52
402 amarelo 2.18 8.75
829 amarelo 3.20 6.96
363 amarelo 3.83 2.38
645 amarelo 4.65 9.61
12 amarelo 5.30 6.27
623 amarelo 5.65 7.82
992 amarelo 6.30 5.44
787 amarelo 6.33 0.17
923 amarelo 6.42 3.83
702 amarelo 6.63 4.01
355 amarelo 6.69 2.88
159 amarelo 7.23 2.11
593 amarelo 7.74 1.09
293 amarelo 9.73 3.73
394 amarelo 10.11 3.89
970 amarelo 10.16 6.54
41 amarelo 10.16 0.98
807 amarelo 10.27 1.76
857 amarelo 11.05 7.11
899 amarelo 11.33 4.52
609 amarelo 13.48 2.67
150 amarelo 17.60 3.96
920 amarelo 18.25 0.39
342 amarelo 18.90 1.52
311 amarelo 20.25 4.70
44 amarelo 20.54 6.52
99 amarelo 22.75 2.86
840 amarelo 23.14 1.56
752 amarelo 23.43 3.76
323 amarelo 25.28 2.96
177 amarelo 26.08 8.56
399 amarelo 26.24 2.45
732 amarelo 26.41 0.23
83 amarelo 26.67 8.59
589 amarelo 26.83 9.69
354 amarelo 27.74 1.15
194 amarelo 28.17 5.07
134 amarelo 28.43 1.65
378 amarelo 28.94 9.15
892 amarelo 30.09 4.33
303 amarelo 30.22 5.62
339 amarelo 30.25 3.93
335 amarelo 30.34 7.42
349 amarelo 31.65 2.99
510 amarelo 31.66 5.12
638 amarelo 33.11 6.53
539 amarelo 33.42 8.73
248 amarelo 35.01 7.88
332 amarelo 35.12 7.96
440 amarelo 35.40 1.50
584 amarelo 35.81 8.26
59 amarelo 36.61 9.00
422 amarelo 38.02 6.80
84 amarelo 38.89 9.67
131 amarelo 39.41 5.89
140 amarelo 40.01 5.92
698 amarelo 40.84 5.70
701 amarelo 42.20 3.68
801 amarelo 42.62 6.58
928 amarelo 43.63 5.51
720 amarelo 44.20 5.99
747 amarelo 44.92 5.16
811 amarelo 45.94 3.79
475 amarelo 47.42 1.95
118 amarelo 47.68 5.86
618 amarelo 47.69 1.79
415 amarelo 47.81 5.88
919 amarelo 48.41 8.86
256 amarelo 48.46 0.75
24 amarelo 48.92 8.85
590 amarelo 51.40 8.10
300 amarelo 51.92 5.03
54 amarelo 52.12 1.56
568 amarelo 52.81 7.87
79 amarelo 52.93 7.84
907 amarelo 53.25 2.39
187 amarelo 53.30 5.09
488 amarelo 56.18 7.40
687 amarelo 56.50 2.16
445 amarelo 56.66 8.01
915 amarelo 57.06 0.23
377 amarelo 57.48 1.68
305 amarelo 59.31 8.30
250 amarelo 60.27 4.21
141 amarelo 60.76 8.71
245 amarelo 60.80 6.68
478 amarelo 61.59 7.02
952 amarelo 61.83 8.23
528 amarelo 63.98 4.29
308 amarelo 64.77 2.32
456 amarelo 65.26 4.41
918 amarelo 66.38 4.58
881 amarelo 67.18 1.95
708 amarelo 67.48 2.48
68 amarelo 67.66 9.07
524 amarelo 67.76 8.10
703 amarelo 69.04 6.51
686 amarelo 69.20 3.10
949 amarelo 69.43 3.14
85 amarelo 70.29 9.92
544 amarelo 70.33 7.20
202 amarelo 72.65 5.21
122 amarelo 73.02 0.37
464 amarelo 73.27 3.86
291 amarelo 73.41 0.76
135 amarelo 74.05 6.85
575 amarelo 75.46 1.80
803 amarelo 75.84 5.04
827 amarelo 76.45 6.80
996 amarelo 77.29 9.62
571 amarelo 78.02 3.99
725 amarelo 78.04 4.68
724 amarelo 78.53 6.92
2 amarelo 78.69 8.99
776 amarelo 79.38 3.17
861 amarelo 80.28 4.45
929 amarelo 80.45 9.20
252 amarelo 81.07 1.13
425 amarelo 81.29 6.58
791 amarelo 81.47 4.38
828 amarelo 82.31 7.43
953 amarelo 82.88 8.29
132 amarelo 83.04 4.88
592 amarelo 83.35 5.29
886 amarelo 84.66 1.13
441 amarelo 85.72 5.50
636 amarelo 85.82 9.93
432 amarelo 86.62 5.06
943 amarelo 87.83 7.23
375 amarelo 89.66 4.60
501 amarelo 91.07 1.33
468 amarelo 91.69 6.25
632 amarelo 93.02 6.88
201 amarelo 94.99 1.62
739 amarelo 95.75 2.36
957 amarelo 97.78 4.18
130 amarelo 98.31 4.18
780 amarelo 99.62 6.31
850 azul 0.46 2.31
558 azul 0.54 3.46
768 azul 0.71 2.85
531 azul 1.48 9.86
33 azul 4.25 4.75
411 azul 4.34 4.90
648 azul 4.90 7.56
271 azul 8.27 7.20
191 azul 9.50 7.76
35 azul 9.77 6.41
280 azul 10.09 6.11
718 azul 10.12 5.13
53 azul 11.19 0.57
374 azul 11.21 0.32
620 azul 12.31 8.33
859 azul 12.80 5.16
67 azul 13.56 8.04
238 azul 13.86 7.51
215 azul 14.79 3.27
183 azul 15.20 3.88
508 azul 15.66 5.54
443 azul 16.13 4.03
362 azul 16.34 6.20
602 azul 17.89 8.25
20 azul 18.00 2.35
671 azul 18.13 0.75
634 azul 18.86 5.57
474 azul 20.07 4.14
276 azul 20.77 7.77
771 azul 20.79 0.38
516 azul 21.28 7.42
344 azul 22.21 7.51
297 azul 22.43 5.68
498 azul 22.83 7.70
423 azul 23.14 3.33
97 azul 24.26 5.03
175 azul 25.83 3.20
748 azul 26.32 4.68
551 azul 27.71 4.09
160 azul 27.86 3.06
495 azul 28.13 2.29
522 azul 29.63 7.94
612 azul 29.74 2.75
77 azul 30.51 9.02
186 azul 31.21 0.18
267 azul 31.23 3.79
19 azul 31.66 8.78
8 azul 32.74 9.33
337 azul 32.96 7.70
762 azul 32.98 0.62
446 azul 33.02 8.68
401 azul 33.36 0.50
494 azul 33.51 8.08
741 azul 34.16 6.53
960 azul 34.85 8.13
757 azul 35.50 9.66
958 azul 36.41 0.72
875 azul 36.74 4.26
379 azul 37.33 1.60
144 azul 37.53 2.03
274 azul 38.49 6.18
839 azul 39.50 5.77
114 azul 40.21 2.34
261 azul 40.21 0.37
862 azul 40.41 1.84
939 azul 40.52 7.72
289 azul 40.83 1.76
651 azul 41.03 7.96
736 azul 41.95 1.15
536 azul 42.25 0.13
842 azul 42.96 2.78
463 azul 43.13 0.72
745 azul 43.66 5.69
670 azul 44.00 7.89
317 azul 44.05 4.44
104 azul 45.21 6.68
657 azul 45.73 3.78
21 azul 46.44 4.50
200 azul 47.06 8.95
924 azul 50.17 8.76
386 azul 51.96 3.02
179 azul 52.51 9.33
406 azul 53.36 0.72
691 azul 54.67 8.74
29 azul 54.76 6.46
23 azul 55.54 2.96
799 azul 57.18 2.83
503 azul 57.43 5.64
626 azul 58.69 0.27
614 azul 61.04 0.94
729 azul 61.54 8.82
52 azul 62.45 5.95
290 azul 64.10 5.21
133 azul 64.29 0.18
1 azul 64.41 5.18
934 azul 65.16 3.59
738 azul 66.73 1.21
769 azul 69.22 5.31
717 azul 70.26 6.15
294 azul 71.04 4.03
878 azul 72.08 1.52
743 azul 72.20 8.48
16 azul 72.61 8.09
869 azul 73.14 1.73
940 azul 73.64 5.26
222 azul 73.74 5.92
471 azul 74.74 6.38
491 azul 74.82 6.54
336 azul 75.10 8.82
800 azul 75.75 0.13
18 azul 77.93 3.69
190 azul 78.26 1.88
189 azul 78.50 4.46
38 azul 78.51 5.66
629 azul 78.67 6.55
512 azul 78.80 3.34
165 azul 79.17 2.76
82 azul 79.40 2.38
655 azul 80.56 3.58
775 azul 81.91 7.92
749 azul 82.90 8.23
998 azul 83.31 3.18
931 azul 83.83 0.82
393 azul 85.23 2.89
658 azul 86.39 4.82
525 azul 87.87 3.43
820 azul 88.03 9.97
138 azul 88.48 3.99
950 azul 88.57 8.13
735 azul 88.88 4.85
596 azul 89.16 8.54
265 azul 90.23 5.76
168 azul 90.25 8.79
258 azul 90.45 3.83
967 azul 91.57 3.09
870 azul 91.61 0.36
615 azul 91.92 5.90
885 azul 92.32 5.13
564 azul 92.38 4.82
449 azul 93.33 5.78
961 azul 94.57 1.84
361 azul 94.96 4.68
603 azul 94.96 2.00
798 azul 95.29 3.88
4 azul 95.68 8.38
209 azul 96.21 9.04
926 azul 96.26 7.39
956 azul 98.04 0.03
409 azul 98.87 9.07
286 azul 98.92 1.91
30 azul 99.34 1.54
28 branco 0.56 6.41
184 branco 0.70 7.23
841 branco 1.70 9.45
61 branco 1.97 5.17
78 branco 4.26 2.62
454 branco 4.32 1.59
955 branco 5.28 5.62
984 branco 5.75 3.46
385 branco 6.86 2.07
756 branco 7.49 7.21
473 branco 7.57 4.41
14 branco 8.04 5.87
81 branco 9.04 4.50
825 branco 10.23 5.37
884 branco 10.30 1.93
902 branco 10.89 5.83
809 branco 11.05 0.77
728 branco 12.75 9.53
25 branco 12.87 8.43
417 branco 13.04 9.57
991 branco 13.94 3.78
559 branco 14.85 3.34
605 branco 15.37 2.25
357 branco 15.62 3.68
587 branco 16.49 6.98
472 branco 18.21 3.37
554 branco 19.03 8.98
835 branco 19.49 2.27
492 branco 19.55 4.97
758 branco 19.57 7.13
414 branco 23.25 1.89
43 branco 24.93 2.17
369 branco 26.50 0.47
208 branco 29.27 1.27
91 branco 29.90 1.26
387 branco 30.67 5.85
561 branco 30.73 0.90
880 branco 31.21 4.15
591 branco 32.31 1.05
251 branco 32.79 1.26
517 branco 33.13 9.92
197 branco 33.86 4.00
565 branco 34.80 5.83
416 branco 34.99 2.32
86 branco 36.09 7.66
80 branco 36.26 8.23
805 branco 36.43 3.00
707 branco 36.58 4.20
583 branco 37.46 6.16
667 branco 37.66 6.23
487 branco 37.70 9.26
538 branco 37.94 8.02
545 branco 38.60 6.61
689 branco 38.64 5.33
597 branco 38.70 3.04
467 branco 38.75 0.29
88 branco 38.85 7.37
877 branco 38.97 1.03
462 branco 39.90 0.39
221 branco 41.69 8.24
893 branco 42.43 3.94
941 branco 42.69 2.89
864 branco 43.86 8.06
64 branco 43.95 2.94
373 branco 44.25 1.58
980 branco 44.27 9.22
260 branco 44.39 5.58
273 branco 44.58 8.98
13 branco 44.97 3.14
381 branco 45.26 8.59
418 branco 45.57 8.40
969 branco 46.77 6.28
533 branco 46.96 8.74
580 branco 47.21 8.46
95 branco 47.22 1.04
163 branco 47.57 2.35
777 branco 47.67 0.29
935 branco 48.17 2.03
672 branco 48.36 7.71
579 branco 48.43 0.17
782 branco 48.87 1.45
223 branco 49.58 8.79
433 branco 50.27 2.14
457 branco 50.59 3.04
796 branco 50.78 1.40
959 branco 50.86 7.42
774 branco 51.42 3.47
721 branco 52.75 6.70
407 branco 52.91 7.06
110 branco 52.91 3.38
713 branco 53.33 7.40
621 branco 53.71 3.90
972 branco 55.22 9.56
458 branco 56.31 4.50
630 branco 56.31 1.77
700 branco 56.98 3.57
622 branco 57.22 5.80
316 branco 58.71 6.75
172 branco 58.99 7.63
319 branco 59.81 2.20
824 branco 60.09 2.62
913 branco 60.16 4.74
617 branco 61.95 2.27
388 branco 62.31 2.70
205 branco 62.86 7.92
527 branco 63.11 7.08
124 branco 63.18 8.42
668 branco 64.01 7.86
997 branco 64.07 0.78
466 branco 65.36 3.59
42 branco 71.14 0.93
794 branco 73.52 4.65
214 branco 74.27 9.10
365 branco 75.79 3.47
783 branco 77.30 1.27
220 branco 79.22 9.95
930 branco 79.70 5.03
914 branco 79.94 7.24
891 branco 79.96 2.06
759 branco 80.19 5.97
87 branco 80.49 4.84
562 branco 80.52 0.33
817 branco 80.64 6.29
244 branco 80.94 3.73
69 branco 81.60 2.34
203 branco 82.12 9.25
45 branco 85.33 5.02
979 branco 85.49 0.19
350 branco 85.60 7.98
664 branco 86.50 4.51
27 branco 89.80 3.23
421 branco 90.42 4.69
556 branco 90.68 4.72
983 branco 92.34 3.98
9 branco 92.48 9.82
404 branco 93.36 3.14
855 branco 94.03 5.32
313 branco 94.89 0.10
180 branco 96.12 5.76
227 branco 96.34 3.37
719 branco 96.90 9.57
479 branco 97.33 1.56
331 branco 98.00 6.29
904 branco 98.03 5.09
279 branco 98.27 3.03
890 branco 98.47 9.36
285 branco 99.15 2.16
916 preto 0.31 1.33
5 preto 0.34 0.41
224 preto 0.85 2.99
866 preto 1.79 1.56
761 preto 2.23 8.86
746 preto 2.48 6.43
530 preto 3.05 4.32
154 preto 4.08 9.48
232 preto 4.33 3.94
116 preto 4.61 3.19
229 preto 4.90 0.84
39 preto 5.22 2.12
368 preto 5.80 9.20
123 preto 6.07 7.42
785 preto 8.20 2.24
883 preto 8.69 9.90
788 preto 9.02 2.23
532 preto 9.60 1.16
136 preto 10.00 4.05
552 preto 10.55 9.28
574 preto 10.66 3.34
74 preto 10.76 0.14
712 preto 10.92 5.90
264 preto 10.98 2.49
723 preto 12.45 6.04
493 preto 13.05 1.14
366 preto 13.26 7.30
993 preto 14.28 3.22
142 preto 14.45 2.83
428 preto 15.43 7.98
139 preto 15.71 5.94
640 preto 16.07 5.03
816 preto 16.07 4.20
586 preto 18.01 4.29
424 preto 19.24 7.59
845 preto 19.32 7.99
461 preto 19.37 7.52
793 preto 19.56 3.73
677 preto 21.97 2.13
213 preto 22.18 5.31
211 preto 23.34 2.54
76 preto 23.94 1.46
786 preto 24.73 2.56
633 preto 25.83 4.35
262 preto 26.73 0.07
167 preto 26.77 8.91
963 preto 27.15 0.72
403 preto 27.46 8.85
848 preto 27.48 7.17
325 preto 27.99 1.36
249 preto 29.36 4.19
942 preto 29.37 6.32
975 preto 29.49 8.68
968 preto 29.53 3.85
353 preto 29.77 9.32
334 preto 30.93 9.21
927 preto 33.25 6.69
641 preto 34.10 3.23
663 preto 35.30 4.25
567 preto 35.43 0.23
341 preto 35.49 3.51
50 preto 35.56 9.23
483 preto 36.11 2.82
453 preto 36.85 9.94
469 preto 38.18 8.40
51 preto 40.99 2.34
198 preto 42.00 8.35
266 preto 42.44 5.24
301 preto 42.80 9.05
157 preto 43.33 8.87
751 preto 43.49 6.16
553 preto 43.83 7.84
652 preto 43.96 3.94
871 preto 44.16 7.89
831 preto 45.51 6.39
921 preto 47.32 5.92
7 preto 48.30 5.99
797 preto 48.61 8.59
802 preto 49.03 0.11
560 preto 49.38 1.83
126 preto 49.42 1.58
903 preto 49.72 0.09
146 preto 49.82 2.97
156 preto 51.23 6.97
217 preto 52.07 7.60
152 preto 52.23 5.57
489 preto 53.09 5.75
192 preto 53.22 4.72
608 preto 53.58 0.69
15 preto 53.68 7.67
572 preto 53.90 3.08
971 preto 54.96 1.04
868 preto 55.10 2.04
470 preto 56.38 4.16
853 preto 57.24 8.18
514 preto 57.44 8.32
484 preto 57.89 1.01
356 preto 58.09 4.66
863 preto 59.47 6.76
925 preto 60.19 9.62
844 preto 60.38 0.96
359 preto 60.63 9.08
680 preto 61.64 6.77
231 preto 62.12 4.14
974 preto 63.38 0.71
158 preto 63.46 8.45
806 preto 63.50 2.95
419 preto 65.42 4.49
497 preto 65.45 0.50
410 preto 65.50 7.95
148 preto 65.87 6.47
773 preto 65.99 8.70
151 preto 67.51 4.78
70 preto 68.38 3.64
954 preto 73.56 5.87
351 preto 74.17 7.69
750 preto 74.43 2.20
98 preto 74.88 6.77
277 preto 74.99 1.88
995 preto 75.49 9.15
594 preto 75.58 8.11
287 preto 76.06 1.15
115 preto 76.17 9.43
346 preto 76.64 6.74
766 preto 76.67 6.60
733 preto 77.33 5.94
106 preto 77.50 6.95
55 preto 77.60 9.70
371 preto 78.69 7.26
962 preto 78.73 1.90
659 preto 78.98 3.70
818 preto 81.37 5.50
147 preto 81.47 7.74
563 preto 82.07 2.89
90 preto 82.23 4.70
754 preto 82.32 5.51
3 preto 82.51 5.17
444 preto 82.71 6.97
819 preto 84.03 2.24
400 preto 84.20 2.15
502 preto 84.24 9.02
922 preto 84.96 5.08
161 preto 85.91 2.23
94 preto 85.92 2.41
699 preto 86.43 0.47
199 preto 86.61 7.44
259 preto 87.92 6.64
550 preto 87.96 7.89
946 preto 88.34 5.14
763 preto 88.82 7.22
978 preto 89.30 6.42
322 preto 91.27 7.15
529 preto 92.70 8.84
933 preto 92.78 2.00
936 preto 93.13 9.98
235 preto 93.20 9.83
275 preto 93.80 2.51
490 preto 94.10 3.01
193 preto 94.25 0.39
228 preto 95.44 3.96
697 preto 96.38 1.61
838 preto 96.72 2.92
911 preto 97.14 4.00
882 preto 98.31 4.36
327 preto 98.49 0.90
17 preto 98.77 8.58
988 rosa 0.65 1.42
595 rosa 1.15 7.76
570 rosa 1.93 8.87
635 rosa 2.24 7.75
281 rosa 2.90 1.09
542 rosa 3.10 6.39
315 rosa 3.28 0.67
695 rosa 3.86 1.48
49 rosa 4.43 9.46
105 rosa 4.68 2.16
986 rosa 4.93 5.44
108 rosa 6.85 5.34
650 rosa 7.99 5.56
679 rosa 7.99 0.55
526 rosa 8.14 2.59
854 rosa 10.09 2.69
452 rosa 11.30 3.77
588 rosa 11.85 3.69
372 rosa 13.98 8.21
178 rosa 14.30 5.25
810 rosa 14.30 1.65
676 rosa 14.56 5.04
302 rosa 15.54 1.35
849 rosa 16.01 8.00
808 rosa 16.30 2.56
272 rosa 17.86 5.40
734 rosa 18.33 4.35
307 rosa 18.94 5.32
653 rosa 19.72 3.69
22 rosa 20.06 6.60
790 rosa 20.19 4.29
437 rosa 20.50 5.10
37 rosa 20.90 1.01
292 rosa 21.85 5.01
476 rosa 21.94 5.50
767 rosa 23.13 10.00
398 rosa 24.17 9.30
804 rosa 25.39 8.18
420 rosa 26.13 5.29
716 rosa 26.24 0.46
715 rosa 27.70 9.13
834 rosa 28.16 0.12
814 rosa 30.41 3.18
631 rosa 30.63 0.87
833 rosa 31.27 1.34
569 rosa 32.79 1.41
310 rosa 35.31 9.21
879 rosa 35.42 8.69
26 rosa 35.54 4.95
598 rosa 36.09 2.25
511 rosa 36.14 5.68
711 rosa 36.21 0.62
744 rosa 37.15 9.23
964 rosa 37.95 5.31
75 rosa 38.43 7.75
413 rosa 38.61 3.09
692 rosa 39.20 8.61
195 rosa 39.42 0.68
113 rosa 40.24 0.39
509 rosa 41.76 5.18
121 rosa 42.48 3.79
906 rosa 43.27 1.09
607 rosa 43.34 7.42
408 rosa 44.21 5.12
296 rosa 47.30 1.27
682 rosa 48.44 4.15
888 rosa 48.71 6.96
731 rosa 49.92 9.65
534 rosa 50.94 4.13
396 rosa 53.26 7.67
431 rosa 53.52 8.79
324 rosa 53.69 1.47
684 rosa 55.27 5.80
111 rosa 55.82 9.78
390 rosa 59.00 3.48
233 rosa 59.24 1.05
460 rosa 61.42 7.66
965 rosa 62.26 7.08
48 rosa 62.44 4.23
726 rosa 63.89 9.11
781 rosa 65.42 4.61
937 rosa 65.71 4.17
613 rosa 66.31 2.24
520 rosa 67.36 5.55
685 rosa 68.54 3.04
397 rosa 68.68 5.98
549 rosa 70.08 7.18
578 rosa 70.08 2.92
876 rosa 70.83 4.58
101 rosa 74.42 2.70
434 rosa 74.51 0.48
367 rosa 75.43 8.10
430 rosa 76.99 9.06
656 rosa 78.80 1.50
412 rosa 79.14 7.43
945 rosa 79.56 2.37
557 rosa 79.91 5.51
218 rosa 80.01 9.83
181 rosa 80.99 2.32
673 rosa 82.37 3.20
543 rosa 82.83 0.96
540 rosa 83.07 5.70
616 rosa 83.68 4.62
772 rosa 83.74 5.59
985 rosa 85.55 6.97
973 rosa 86.02 8.61
246 rosa 86.10 1.27
348 rosa 86.22 2.71
577 rosa 86.75 8.11
730 rosa 87.00 8.40
535 rosa 87.73 6.20
519 rosa 89.21 8.18
504 rosa 89.88 9.34
306 rosa 92.01 6.74
714 rosa 92.03 8.53
582 rosa 92.86 4.74
789 rosa 92.94 3.48
792 rosa 92.97 3.01
932 rosa 93.30 8.97
485 rosa 93.41 8.36
606 rosa 93.61 7.31
253 rosa 94.23 9.67
610 rosa 94.49 6.33
358 rosa 95.53 5.25
619 rosa 95.60 7.72
405 rosa 96.16 6.96
678 rosa 96.31 1.70
480 rosa 96.47 1.74
240 rosa 96.98 9.34
895 rosa 97.75 0.03
57 rosa 97.77 4.71
872 verde 0.03 6.32
523 verde 0.24 0.04
900 verde 1.06 2.45
982 verde 1.38 8.65
257 verde 1.82 8.11
662 verde 2.78 4.63
948 verde 2.89 7.86
384 verde 2.99 5.82
912 verde 3.76 5.38
674 verde 4.86 6.45
239 verde 5.29 0.64
917 verde 7.01 7.27
683 verde 8.42 1.29
910 verde 9.40 8.91
688 verde 9.40 2.80
164 verde 9.91 6.81
436 verde 10.02 2.98
830 verde 10.53 3.72
448 verde 10.71 0.41
581 verde 10.77 5.92
176 verde 11.26 0.35
155 verde 11.31 3.27
812 verde 11.95 5.27
263 verde 12.27 8.91
455 verde 13.85 8.37
897 verde 14.40 7.63
482 verde 15.02 2.68
951 verde 15.63 3.61
822 verde 16.15 5.45
299 verde 16.22 4.70
47 verde 17.80 5.13
216 verde 18.38 0.58
506 verde 18.50 0.50
112 verde 19.23 6.86
383 verde 19.85 6.29
46 verde 20.16 2.37
977 verde 20.22 7.77
778 verde 21.19 8.45
56 verde 22.79 4.16
92 verde 23.03 1.13
236 verde 23.99 4.90
429 verde 24.07 0.98
755 verde 24.85 4.40
237 verde 25.64 4.25
823 verde 26.51 6.48
643 verde 26.72 3.90
705 verde 27.27 6.86
753 verde 28.94 3.54
865 verde 29.48 7.02
304 verde 31.90 2.43
477 verde 33.42 6.15
120 verde 33.71 9.12
909 verde 34.28 8.53
661 verde 34.45 3.22
709 verde 35.25 6.92
874 verde 35.44 0.83
389 verde 35.59 5.83
439 verde 36.10 8.68
889 verde 37.02 1.51
499 verde 37.17 8.50
465 verde 38.07 6.88
987 verde 39.99 4.69
435 verde 41.54 7.07
129 verde 41.67 3.89
340 verde 41.98 2.48
710 verde 42.25 0.53
515 verde 42.62 8.46
382 verde 42.76 4.25
234 verde 43.06 5.96
31 verde 43.40 2.75
665 verde 43.85 3.62
392 verde 44.69 9.95
241 verde 44.91 4.14
994 verde 44.93 7.38
637 verde 45.06 4.26
247 verde 45.21 2.83
851 verde 45.74 4.51
320 verde 45.78 4.10
826 verde 46.43 3.43
242 verde 46.69 1.00
330 verde 46.94 9.26
268 verde 47.61 8.06
6 verde 48.78 9.40
507 verde 48.78 7.59
60 verde 48.79 3.38
370 verde 49.44 4.38
546 verde 49.74 5.29
604 verde 49.81 9.13
644 verde 49.92 7.67
206 verde 52.66 1.23
182 verde 53.01 3.75
706 verde 53.19 9.98
243 verde 53.43 3.60
727 verde 53.89 7.98
117 verde 54.35 3.21
102 verde 54.92 8.45
905 verde 55.95 3.75
976 verde 58.00 8.70
760 verde 58.16 7.64
555 verde 58.73 5.42
860 verde 58.89 8.00
459 verde 60.20 8.66
693 verde 61.36 2.41
100 verde 62.59 0.04
255 verde 62.80 9.50
764 verde 62.83 6.45
966 verde 63.67 5.64
360 verde 64.83 4.78
71 verde 66.09 7.29
347 verde 67.21 9.83
426 verde 67.28 3.58
690 verde 68.41 4.87
873 verde 68.75 8.22
188 verde 68.79 5.94
548 verde 69.07 1.70
225 verde 69.69 2.60
212 verde 72.38 2.74
518 verde 73.09 8.73
649 verde 73.14 5.77
832 verde 73.88 5.43
284 verde 74.57 4.62
765 verde 75.34 5.24
999 verde 75.41 4.91
654 verde 75.49 4.13
171 verde 76.31 4.68
944 verde 77.76 5.41
947 verde 78.03 5.14
270 verde 79.39 9.23
513 verde 80.03 5.11
169 verde 80.65 5.16
109 verde 80.74 0.87
585 verde 82.12 3.74
742 verde 83.35 3.80
318 verde 84.00 5.70
58 verde 84.84 3.18
856 verde 85.72 3.72
174 verde 86.20 3.04
66 verde 86.95 7.71
898 verde 88.32 4.63
908 verde 88.52 3.08
103 verde 88.61 8.58
0 verde 90.11 4.44
990 verde 90.57 1.02
170 verde 91.82 7.28
226 verde 95.10 0.67
162 verde 95.12 3.29
666 verde 96.02 1.02
896 verde 96.19 2.04
442 verde 96.84 5.26
380 verde 98.84 7.11
646 verde 99.27 2.48
599 verde 99.62 5.33
166 vermelho 1.54 6.17
254 vermelho 3.77 4.43
821 vermelho 3.94 1.93
815 vermelho 4.64 8.88
153 vermelho 7.22 4.45
204 vermelho 7.49 2.88
784 vermelho 9.88 5.06
143 vermelho 10.95 3.75
34 vermelho 11.37 2.57
843 vermelho 11.77 2.00
145 vermelho 13.81 2.02
846 vermelho 14.42 2.70
149 vermelho 14.60 4.86
10 vermelho 14.97 7.71
537 vermelho 15.74 4.70
72 vermelho 16.30 1.23
628 vermelho 16.66 8.28
343 vermelho 16.91 9.37
137 vermelho 17.28 3.22
795 vermelho 18.24 8.96
625 vermelho 18.38 6.86
73 vermelho 19.81 6.45
722 vermelho 21.32 7.84
65 vermelho 22.56 9.64
119 vermelho 26.91 4.77
230 vermelho 26.93 1.98
298 vermelho 27.40 5.57
642 vermelho 27.44 5.24
852 vermelho 27.63 7.50
740 vermelho 28.41 4.38
450 vermelho 29.51 2.22
269 vermelho 30.36 4.46
345 vermelho 31.39 3.51
573 vermelho 32.35 5.98
36 vermelho 33.05 7.08
600 vermelho 35.83 1.67
837 vermelho 35.90 0.63
40 vermelho 37.92 0.90
329 vermelho 38.98 2.72
338 vermelho 39.20 5.04
938 vermelho 40.39 1.60
447 vermelho 40.59 5.19
427 vermelho 40.80 4.45
295 vermelho 42.08 4.01
438 vermelho 42.20 1.02
989 vermelho 43.89 3.42
547 vermelho 44.47 9.60
391 vermelho 44.58 2.28
451 vermelho 45.49 7.57
521 vermelho 45.72 0.79
541 vermelho 46.35 8.32
601 vermelho 46.73 9.68
93 vermelho 47.20 3.96
185 vermelho 49.26 2.42
321 vermelho 52.74 0.05
660 vermelho 53.16 0.20
283 vermelho 54.47 6.18
770 vermelho 54.53 5.64
481 vermelho 55.02 1.29
694 vermelho 55.50 0.54
894 vermelho 56.66 4.75
89 vermelho 57.19 6.15
813 vermelho 57.74 6.72
901 vermelho 59.13 2.42
496 vermelho 59.44 8.40
858 vermelho 60.79 2.77
696 vermelho 60.84 4.55
566 vermelho 60.93 4.18
219 vermelho 63.93 8.17
173 vermelho 64.04 3.69
282 vermelho 66.39 6.35
364 vermelho 67.40 2.07
196 vermelho 69.05 0.97
278 vermelho 70.69 8.94
505 vermelho 70.71 6.32
681 vermelho 70.90 9.14
836 vermelho 72.03 9.62
704 vermelho 73.95 3.12
981 vermelho 74.99 8.43
309 vermelho 76.41 0.03
312 vermelho 77.91 9.24
395 vermelho 78.27 2.30
737 vermelho 79.70 4.14
127 vermelho 80.49 3.34
32 vermelho 81.24 7.89
639 vermelho 82.11 5.88
288 vermelho 82.41 0.44
847 vermelho 82.89 2.77
326 vermelho 83.73 0.45
210 vermelho 84.54 4.35
624 vermelho 85.55 1.49
328 vermelho 85.87 6.89
611 vermelho 86.21 7.81
376 vermelho 86.83 8.54
333 vermelho 88.74 0.56
62 vermelho 88.89 4.56
128 vermelho 89.22 3.21
352 vermelho 89.88 2.18
125 vermelho 93.03 0.00
887 vermelho 93.42 5.55
647 vermelho 94.00 8.39
63 vermelho 95.75 8.82
669 vermelho 97.56 8.26
486 vermelho 97.56 2.47
675 vermelho 97.80 7.11
107 vermelho 99.14 7.17
867 vermelho 99.23 8.32
